RK  TEAM    ATT COMP    PCT YDS YDS/A   LONG    TD  INT SACK    YDSL    RATE    YDS/G
1   Denver  573 344 60.0    3193    6.2 80  19  14  52  351 78.8    200
2   Seattle 548 333 60.8    3364    6.6 69  14  14  37  255 78.1    210
3   Houston 553 326 59.0    3366    6.6 55  24  14  45  311 82.8    210
4   Chicago 512 322 62.9    3593    7.5 71  31  8   35  237 99.3    225
5   Dallas  506 330 65.2    3636    7.6 80  19  8   31  229 94.2    227
6   Green Bay   551 321 58.3    3642    7.1 68  20  16  43  256 80.1    228
7   Tennessee   502 319 63.5    3678    7.9 69  34  11  39  271 101.3   230
8   Arizona 573 343 59.9    3687    6.9 88  24  19  36  270 80.9    230
9   Kansas City 607 349 57.5    3698    6.6 55  25  22  47  290 76.0    231
10  Baltimore   545 350 64.2    3737    7.3 80  30  6   37  220 99.6    234
11  Carolina    650 390 60.0    3752    6.2 70  21  24  44  302 73.5    235
12  Minnesota   561 359 64.0    3759    7.2 72  24  13  43  283 90.0    235
13  NY Jets 601 343 57.1    3763    6.7 72  25  18  39  278 79.0    235
14  San Diego   510 328 64.3    3786    7.9 72  22  11  32  222 93.8    237
15  Detroit 528 360 68.2    3789    7.7 61  27  9   42  276 100.9   237
16  Tampa Bay   540 378 70.0    3840    7.5 60  31  11  38  232 102.5   240
17  New England 596 361 60.6    3851    7.1 87  24  12  49  358 87.0    241
18  Atlanta 561 370 66.0    3882    7.1 74  19  15  19  117 86.9    243
19  Buffalo 602 347 57.6    3972    6.8 77  30  17  21  125 83.3    248
20  Cincinnati  646 415 64.2    3976    6.6 64  18  21  42  288 78.9    249
21  Miami   542 350 64.6    4000    7.8 84  31  13  31  225 97.4    250
22  Cleveland   511 322 63.0    4012    8.2 75  34  11  29  157 101.8   251
23  Los Angeles 597 399 66.8    4065    7.2 87  21  13  41  236 90.4    254
24  Indianapolis    585 354 60.5    4114    7.5 80  29  17  35  251 88.0    257
25  Washington  566 354 62.5    4128    7.8 62  30  11  38  264 96.1    258
26  Oakland 641 404 63.0    4140    6.8 59  25  14  38  211 86.8    259
27  San Francisco   549 375 68.3    4179    8.0 66  21  9   28  196 98.1    261
28  Philadelphia    633 394 62.2    4273    7.1 59  36  15  37  243 92.8    267
29  Jacksonville    602 390 64.8    4291    7.5 71  29  9   36  237 97.2    268
30  Pittsburgh  625 402 64.3    4350    7.5 80  29  17  48  311 90.9    272
31  New Orleans 544 372 68.4    4544    8.7 90  45  9   31  211 116.2   284
32  NY Giants   638 423 66.3    4783    7.7 76  31  15  23  137 95.9    299
