RK  TEAM    ATT YDS YDS/A   LONG    TD  YDS/G   FUM FUML
1   Seattle 362 1304    3.6 48  10  81.5    9   4
2   NY Jets 373 1335    3.6 45  4   83.4    8   5
3   Denver  408 1337    3.3 48  10  83.6    4   3
4   Carolina    364 1415    3.9 63  11  88.4    9   4
5   Pittsburgh  382 1459    3.8 44  6   91.2    12  4
6   Arizona 374 1460    3.9 52  9   91.3    12  5
7   Cincinnati  344 1477    4.3 69  8   92.3    4   2
8   Kansas City 383 1571    4.1 42  7   98.2    7   2
9   New England 397 1580    4.0 48  8   98.8    6   2
10  Houston 388 1597    4.1 85  10  99.8    5   3
11  Tampa Bay   466 1606    3.4 21  12  100.4   9   5
12  Baltimore   418 1661    4.0 62  10  103.8   7   4
13  Oakland 406 1678    4.1 80  12  104.9   2   2
14  Atlanta 416 1680    4.0 44  20  105.0   7   4
15  Jacksonville    464 1709    3.7 87  15  106.8   4   2
16  Buffalo 394 1730    4.4 58  10  108.1   4   1
17  Minnesota   411 1748    4.3 72  7   109.3   6   4
18  Tennessee   462 1797    3.9 32  11  112.3   3   1
19  Detroit 429 1805    4.2 75  18  112.8   7   3
20  Los Angeles 453 1820    4.0 47  7   113.8   9   5
21  Green Bay   420 1905    4.5 55  13  119.1   8   3
22  Chicago 433 1934    4.5 44  9   120.9   6   4
23  Dallas  461 1934    4.2 50  16  120.9   2   1
24  NY Giants   444 1942    4.4 68  15  121.4   11  6
25  Indianapolis    452 1952    4.3 56  14  122.0   10  6
26  Washington  406 1962    4.8 70  10  122.6   13  6
27  San Diego   417 2005    4.8 65  17  125.3   7   3
28  Miami   502 2019    4.0 53  13  126.2   3   1
29  San Francisco   504 2020    4.0 71  20  126.3   4   2
30  Cleveland   458 2055    4.5 54  11  128.4   6   3
31  New Orleans 421 2076    4.9 45  12  129.8   15  7
32  Philadelphia    478 2153    4.5 84  10  134.6   3   0
