RK  TEAM    REC YDS AVG LONG    TD  YDS/G   FUM FUML
1   Denver  344 3544    10.3    80  19  221.5   10  2
2   Seattle 333 3619    10.9    69  14  226.2   3   2
3   Houston 326 3677    11.3    55  24  229.8   2   2
4   Chicago 322 3830    11.9    71  31  239.4   3   2
5   Dallas  330 3865    11.7    80  19  241.6   2   1
6   Green Bay   321 3898    12.1    68  20  243.6   3   1
7   Tennessee   319 3949    12.4    69  34  246.8   0   0
8   Arizona 343 3957    11.5    88  24  247.3   4   2
9   Baltimore   350 3957    11.3    80  30  247.3   3   0
10  Kansas City 349 3988    11.4    55  25  249.3   0   0
11  Atlanta 370 3999    10.8    74  19  249.9   4   2
12  San Diego   328 4008    12.2    72  22  250.5   1   1
13  NY Jets 343 4041    11.8    72  25  252.6   0   0
14  Minnesota   359 4042    11.3    72  24  252.6   2   1
15  Carolina    390 4054    10.4    70  21  253.4   7   5
16  Detroit 360 4065    11.3    61  27  254.1   5   1
17  Tampa Bay   378 4072    10.8    60  31  254.5   7   5
18  Buffalo 347 4097    11.8    77  30  256.1   1   1
19  Cleveland   322 4169    12.9    75  34  260.6   5   5
20  New England 361 4209    11.7    87  24  263.1   6   1
21  Miami   350 4225    12.1    84  31  264.1   1   0
22  Cincinnati  415 4264    10.3    64  18  266.5   3   2
23  Los Angeles 399 4301    10.8    87  21  268.8   9   3
24  Oakland 404 4351    10.8    59  25  271.9   8   5
25  Indianapolis    354 4365    12.3    80  29  272.8   3   0
26  San Francisco   375 4375    11.7    66  21  273.4   3   1
27  Washington  354 4392    12.4    62  30  274.5   10  7
28  Philadelphia    394 4516    11.5    59  36  282.3   7   5
29  Jacksonville    390 4528    11.6    71  29  283.0   2   2
30  Pittsburgh  402 4661    11.6    80  29  291.3   6   2
31  New Orleans 372 4755    12.8    90  45  297.2   2   2
32  NY Giants   423 4920    11.6    76  31  307.5   8   5
